5000 100 xxxxxx
15000 100 000000
25000 010 000000
35000 000 000000
45000 000 000000
55000 000 000000
65000 010 000000
75000 000 000000
85000 000 001010
95000 000 001010
105000 010 001010
115000 000 001010
125000 000 100100
135000 000 100100
145000 010 100100
155000 000 100100
165000 000 001110
175000 000 001110
185000 010 001110
195000 000 001110
205000 000 001000
215000 000 001000
225000 010 001000
235000 000 001000
245000 000 010010
255000 000 010010
265000 010 010010
275000 000 010010
285000 000 101100
295000 000 101100
305000 010 101100
315000 000 101100
325000 000 010110
335000 000 010110
345000 010 010110
355000 000 010110
365000 000 010000
375000 000 010000
385000 010 010000
395000 000 010000
405000 000 011010
415000 000 011010
425000 011 011010
435000 001 011010
445000 001 100100
455000 011 100100
465000 001 100100
475000 001 100110
485000 011 100110
495000 001 100110
505000 001 011111
515000 011 011111
525000 001 011111
535000 001 001111
545000 011 001111
555000 001 001111
565000 001 110110
575000 011 110110
585000 001 110110
595000 001 010100
605000 011 010100
615000 001 010100
625000 001 101001
635000 011 101001
645000 001 101001
655000 001 110101
665000 011 110101
675000 001 110101
685000 001 111000
695000 011 111000
705000 001 111000
715000 001 110010
725000 011 110010
735000 001 110010
745000 001 100011
755000 011 100011
765000 001 100011
775000 001 001011
785000 011 001011
795000 001 001011
805000 001 101010
815000 011 101010
825000 100 101010
835000 001 000000
845000 011 000000
855000 011 000000
865000 011 111111
875000 001 111101
885000 011 111010
895000 001 111010
905000 010 110001
915000 011 110001
925000 001 110010
935000 011 101010
945000 010 101010
955000 000 010111
965000 001 100010
975000 000 100010
985000 000 100010
995000 010 100010
1005000 011 100010
1015000 010 001110
1025000 001 111101
1035000 000 001111
1045000 011 001111
1055000 001 001111
1065000 000 111011
1075000 010 111011
1085000 011 111011
1095000 011 010100
1105000 100 111011
1115000 000 100001
1125000 000 000000
1135000 010 000000
1145000 001 000000
1155000 001 000011
1165000 011 000011
1175000 000 000011
1185000 010 110111
1195000 010 110111
1205000 000 000100
1215000 010 001100
1225000 001 001100
1235000 011 011111
1245000 000 011111
1255000 010 001000
1265000 010 001000
1275000 001 100011
1285000 010 110010
1295000 000 110010
1305000 001 110011
1315000 010 110011
1325000 010 110011
1335000 001 000110
1345000 001 011011
1355000 010 011011
1365000 011 011011
1375000 010 000110
1385000 000 101101
1395000 011 000111
1405000 000 000111
1415000 000 000110
1425000 001 000110
1435000 000 000110
1445000 000 000110
1455000 000 000110
1465000 011 000110
1475000 000 000110
1485000 101 100010
1495000 011 100010
1505000 000 000000
1515000 001 000000
1525000 011 000000
1535000 001 000000
1545000 111 111100
1555000 010 111100
1565000 000 000000
1575000 000 000000
1585000 000 000000
1595000 001 000000
1605000 001 000000
1615000 001 000000
1625000 010 000000
1635000 010 000000
1645000 001 111110
1655000 000 000110
1665000 001 000110
1675000 000 000110
1685000 001 000110
1695000 011 000110
1705000 001 000110
1715000 101 101101
1725000 101 101101
1735000 010 000000
1745000 001 000000
1755000 010 000000
1765000 010 000000
1775000 110 000001
1785000 010 000100
1795000 011 000000
1805000 001 000000
1815000 010 111111
1825000 000 111111
1835000 010 000000
1845000 011 000000
1855000 010 001001
1865000 001 000011
1875000 001 001010
1885000 011 001010
1895000 001 001010
1905000 011 101111
1915000 001 101111
1925000 010 011000
1935000 000 011000
1945000 010 011001
1955000 111 011001
1965000 001 111000
1975000 001 000000
1985000 001 000000
1995000 010 000000
2005000 000 000000
2015000 000 000000
2025000 011 000000
2035000 010 000000
2045000 011 000011
2055000 001 001010
2065000 010 000010
2075000 011 000010
2085000 001 000011
2095000 001 111000
2105000 001 111000
2115000 101 111000
2125000 011 111000
2135000 001 000000
2145000 000 000000
2155000 000 000000
2165000 001 000000
2175000 010 000000
2185000 111 000000
2195000 011 000101
2205000 000 000000
2215000 011 000000
2225000 001 000000
2235000 001 111111
2245000 001 111111
2255000 011 111111
2265000 011 111111
2275000 011 101101
2285000 000 100110
2295000 001 011110
2305000 001 011110
2315000 000 011110
2325000 011 011110
2335000 011 011110
2345000 001 010001
2355000 001 000011
2365000 010 000011
2375000 011 000011
2385000 000 110101
2395000 000 100011
2405000 011 100011
2415000 010 100011
2425000 010 110101
2435000 000 001011
2445000 001 100010
2455000 011 100010
2465000 001 100010
2475000 011 000111
2485000 010 000111
2495000 001 010000
2505000 010 101101
2515000 000 101101
2525000 010 101110
2535000 000 101110
2545000 011 101111
2555000 010 101111
2565000 011 101110
2575000 001 010010
2585000 000 101101
2595000 000 101101
2605000 010 101101
2615000 011 101101
2625000 001 111111
2635000 011 010101
2645000 011 010101
2655000 000 111110
2665000 011 010001
2675000 011 010001
2685000 011 010000
2695000 011 100000
2705000 011 101111
2715000 011 111101
2725000 001 001010
2735000 010 010110
2745000 010 010110
2755000 001 010111
2765000 000 001110
2775000 001 001110
2785000 000 001110
2795000 001 001110
2805000 000 001110
2815000 101 001110
